1005
1015
1025
1035
1045
1050
1051
1052
1053
1054
1055
1056
1057
1058
1059
1065
1075
1085
1095
1105
1115
1125
1135
1145
1150
1151
1152
1153
1154
1155
1156
1157
1158
1159
1165
1175
1185
1195
1205
1215
1225
1235
1245
1250
1251
1252
1253
1254
1255
1256
1257
1258
1259
1265
1275
1285
1295
1305
1315
1325
1335
1345
1350
1351
1352
1353
1354
1355
1356
1357
1358
1359
1365
1375
1385
1395
1405
1415
1425
1435
1445
1450
1451
1452
1453
1454
1455
1456
1457
1458
1459
1465
1475
1485
1495
1500
1501
1502
1503
1504
1505
1506
1507
1508
1509
1510
1511
1512
1513
1514
1515
1516
1517
1518
1519
1520
1521
1522
1523
1524
1525
1526
1527
1528
1529
1530
1531
1532
1533
1534
1535
1536
1537
1538
1539
1540
1541
1542
1543
1544
1545
1546
1547
1548
1549
1550
1551
1552
1553
1554
1555
1556
1557
1558
1559
1560
1561
1562
1563
1564
1565
1566
1567
1568
1569
1570
1571
1572
1573
1574
1575
1576
1577
1578
1579
1580
1581
1582
1583
1584
1585
1586
1587
1588
1589
1590
1591
1592
1593
1594
1595
1596
1597
1598
1599
1605
1615
1625
1635
1645
1650
1651
1652
1653
1654
1655
1656
1657
1658
1659
1665
1675
1685
1695
1705
1715
1725
1735
1745
1750
1751
1752
1753
1754
1755
1756
1757
1758
1759
1765
1775
1785
1795
1805
1815
1825
1835
1845
1850
1851
1852
1853
1854
1855
1856
1857
1858
1859
1865
1875
1885
1895
1905
1915
1925
1935
1945
1950
1951
1952
1953
1954
1955
1956
1957
1958
1959
1965
1975
1985
1995
2005
2015
2025
2035
2045
2050
2051
2052
2053
2054
2055
2056
2057
2058
2059
2065
2075
2085
2095
2105
2115
2125
2135
2145
2150
2151
2152
2153
2154
2155
2156
2157
2158
2159
2165
2175
2185
2195
2205
2215
2225
2235
2245
2250
2251
2252
2253
2254
2255
2256
2257
2258
2259
2265
2275
2285
2295
2305
2315
2325
2335
2345
2350
2351
2352
2353
2354
2355
2356
2357
2358
2359
2365
2375
2385
2395
2405
2415
2425
2435
2445
2450
2451
2452
2453
2454
2455
2456
2457
2458
2459
2465
2475
2485
2495
2500
2501
2502
2503
2504
2505
2506
2507
2508
2509
2510
2511
2512
2513
2514
2515
2516
2517
2518
2519
2520
2521
2522
2523
2524
2525
2526
2527
2528
2529
2530
2531
2532
2533
2534
2535
2536
2537
2538
2539
2540
2541
2542
2543
2544
2545
2546
2547
2548
2549
2550
2551
2552
2553
2554
2555
2556
2557
2558
2559
2560
2561
2562
2563
2564
2565
2566
2567
2568
2569
2570
2571
2572
2573
2574
2575
2576
2577
2578
2579
2580
2581
2582
2583
2584
2585
2586
2587
2588
2589
2590
2591
2592
2593
2594
2595
2596
2597
2598
2599
2605
2615
2625
2635
2645
2650
2651
2652
2653
2654
2655
2656
2657
2658
2659
2665
2675
2685
2695
2705
2715
2725
2735
2745
2750
2751
2752
2753
2754
2755
2756
2757
2758
2759
2765
2775
2785
2795
2805
2815
2825
2835
2845
2850
2851
2852
2853
2854
2855
2856
2857
2858
2859
2865
2875
2885
2895
2905
2915
2925
2935
2945
2950
2951
2952
2953
2954
2955
2956
2957
2958
2959
2965
2975
2985
2995
3005
3015
3025
3035
3045
3050
3051
3052
3053
3054
3055
3056
3057
3058
3059
3065
3075
3085
3095
3105
3115
3125
3135
3145
3150
3151
3152
3153
3154
3155
3156
3157
3158
3159
3165
3175
3185
3195
3205
3215
3225
3235
3245
3250
3251
3252
3253
3254
3255
3256
3257
3258
3259
3265
3275
3285
3295
3305
3315
3325
3335
3345
3350
3351
3352
3353
3354
3355
3356
3357
3358
3359
3365
3375
3385
3395
3405
3415
3425
3435
3445
3450
3451
3452
3453
3454
3455
3456
3457
3458
3459
3465
3475
3485
3495
3500
3501
3502
3503
3504
3505
3506
3507
3508
3509
3510
3511
3512
3513
3514
3515
3516
3517
3518
3519
3520
3521
3522
3523
3524
3525
3526
3527
3528
3529
3530
3531
3532
3533
3534
3535
3536
3537
3538
3539
3540
3541
3542
3543
3544
3545
3546
3547
3548
3549
3550
3551
3552
3553
3554
3555
3556
3557
3558
3559
3560
3561
3562
3563
3564
3565
3566
3567
3568
3569
3570
3571
3572
3573
3574
3575
3576
3577
3578
3579
3580
3581
3582
3583
3584
3585
3586
3587
3588
3589
3590
3591
3592
3593
3594
3595
3596
3597
3598
3599
3605
3615
3625
3635
3645
3650
3651
3652
3653
3654
3655
3656
3657
3658
3659
3665
3675
3685
3695
3705
3715
3725
3735
3745
3750
3751
3752
3753
3754
3755
3756
3757
3758
3759
3765
3775
3785
3795
3805
3815
3825
3835
3845
3850
3851
3852
3853
3854
3855
3856
3857
3858
3859
3865
3875
3885
3895
3905
3915
3925
3935
3945
3950
3951
3952
3953
3954
3955
3956
3957
3958
3959
3965
3975
3985
3995
4005
4015
4025
4035
4045
4050
4051
4052
4053
4054
4055
4056
4057
4058
4059
4065
4075
4085
4095
4105
4115
4125
4135
4145
4150
4151
4152
4153
4154
4155
4156
4157
4158
4159
4165
4175
4185
4195
4205
4215
4225
4235
4245
4250
4251
4252
4253
4254
4255
4256
4257
4258
4259
4265
4275
4285
4295
4305
4315
4325
4335
4345
4350
4351
4352
4353
4354
4355
4356
4357
4358
4359
4365
4375
4385
4395
4405
4415
4425
4435
4445
4450
4451
4452
4453
4454
4455
4456
4457
4458
4459
4465
4475
4485
4495
4500
4501
4502
4503
4504
4505
4506
4507
4508
4509
4510
4511
4512
4513
4514
4515
4516
4517
4518
4519
4520
4521
4522
4523
4524
4525
4526
4527
4528
4529
4530
4531
4532
4533
4534
4535
4536
4537
4538
4539
4540
4541
4542
4543
4544
4545
4546
4547
4548
4549
4550
4551
4552
4553
4554
4555
4556
4557
4558
4559
4560
4561
4562
4563
4564
4565
4566
4567
4568
4569
4570
4571
4572
4573
4574
4575
4576
4577
4578
4579
4580
4581
4582
4583
4584
4585
4586
4587
4588
4589
4590
4591
4592
4593
4594
4595
4596
4597
4598
4599
4605
4615
4625
4635
4645
4650
4651
4652
4653
4654
4655
4656
4657
4658
4659
4665
4675
4685
4695
4705
4715
4725
4735
4745
4750
4751
4752
4753
4754
4755
4756
4757
4758
4759
4765
4775
4785
4795
4805
4815
4825
4835
4845
4850
4851
4852
4853
4854
4855
4856
4857
4858
4859
4865
4875
4885
4895
4905
4915
4925
4935
4945
4950
4951
4952
4953
4954
4955
4956
4957
4958
4959
4965
4975
4985
4995
5000
5001
5002
5003
5004
5005
5006
5007
5008
5009
5010
5011
5012
5013
5014
5015
5016
5017
5018
5019
5020
5021
5022
5023
5024
5025
5026
5027
5028
5029
5030
5031
5032
5033
5034
5035
5036
5037
5038
5039
5040
5041
5042
5043
5044
5045
5046
5047
5048
5049
5050
5051
5052
5053
5054
5055
5056
5057
5058
5059
5060
5061
5062
5063
5064
5065
5066
5067
5068
5069
5070
5071
5072
5073
5074
5075
5076
5077
5078
5079
5080
5081
5082
5083
5084
5085
5086
5087
5088
5089
5090
5091
5092
5093
5094
5095
5096
5097
5098
5099
5100
5101
5102
5103
5104
5105
5106
5107
5108
5109
5110
5111
5112
5113
5114
5115
5116
5117
5118
5119
5120
5121
5122
5123
5124
5125
5126
5127
5128
5129
5130
5131
5132
5133
5134
5135
5136
5137
5138
5139
5140
5141
5142
5143
5144
5145
5146
5147
5148
5149
5150
5151
5152
5153
5154
5155
5156
5157
5158
5159
5160
5161
5162
5163
5164
5165
5166
5167
5168
5169
5170
5171
5172
5173
5174
5175
5176
5177
5178
5179
5180
5181
5182
5183
5184
5185
5186
5187
5188
5189
5190
5191
5192
5193
5194
5195
5196
5197
5198
5199
5200
5201
5202
5203
5204
5205
5206
5207
5208
5209
5210
5211
5212
5213
5214
5215
5216
5217
5218
5219
5220
5221
5222
5223
5224
5225
5226
5227
5228
5229
5230
5231
5232
5233
5234
5235
5236
5237
5238
5239
5240
5241
5242
5243
5244
5245
5246
5247
5248
5249
5250
5251
5252
5253
5254
5255
5256
5257
5258
5259
5260
5261
5262
5263
5264
5265
5266
5267
5268
5269
5270
5271
5272
5273
5274
5275
5276
5277
5278
5279
5280
5281
5282
5283
5284
5285
5286
5287
5288
5289
5290
5291
5292
5293
5294
5295
5296
5297
5298
5299
5300
5301
5302
5303
5304
5305
5306
5307
5308
5309
5310
5311
5312
5313
5314
5315
5316
5317
5318
5319
5320
5321
5322
5323
5324
5325
5326
5327
5328
5329
5330
5331
5332
5333
5334
5335
5336
5337
5338
5339
5340
5341
5342
5343
5344
5345
5346
5347
5348
5349
5350
5351
5352
5353
5354
5355
5356
5357
5358
5359
5360
5361
5362
5363
5364
5365
5366
5367
5368
5369
5370
5371
5372
5373
5374
5375
5376
5377
5378
5379
5380
5381
5382
5383
5384
5385
5386
5387
5388
5389
5390
5391
5392
5393
5394
5395
5396
5397
5398
5399
5400
5401
5402
5403
5404
5405
5406
5407
5408
5409
5410
5411
5412
5413
5414
5415
5416
5417
5418
5419
5420
5421
5422
5423
5424
5425
5426
5427
5428
5429
5430
5431
5432
5433
5434
5435
5436
5437
5438
5439
5440
5441
5442
5443
5444
5445
5446
5447
5448
5449
5450
5451
5452
5453
5454
5455
5456
5457
5458
5459
5460
5461
5462
5463
5464
5465
5466
5467
5468
5469
5470
5471
5472
5473
5474
5475
5476
5477
5478
5479
5480
5481
5482
5483
5484
5485
5486
5487
5488
5489
5490
5491
5492
5493
5494
5495
5496
5497
5498
5499
5500
5501
5502
5503
5504
5505
5506
5507
5508
5509
5510
5511
5512
5513
5514
5515
5516
5517
5518
5519
5520
5521
5522
5523
5524
5525
5526
5527
5528
5529
5530
5531
5532
5533
5534
5535
5536
5537
5538
5539
5540
5541
5542
5543
5544
5545
5546
5547
5548
5549
5550
5551
5552
5553
5554
5555
5556
5557
5558
5559
5560
5561
5562
5563
5564
5565
5566
5567
5568
5569
5570
5571
5572
5573
5574
5575
5576
5577
5578
5579
5580
5581
5582
5583
5584
5585
5586
5587
5588
5589
5590
5591
5592
5593
5594
5595
5596
5597
5598
5599
5600
5601
5602
5603
5604
5605
5606
5607
5608
5609
5610
5611
5612
5613
5614
5615
5616
5617
5618
5619
5620
5621
5622
5623
5624
5625
5626
5627
5628
5629
5630
5631
5632
5633
5634
5635
5636
5637
5638
5639
5640
5641
5642
5643
5644
5645
5646
5647
5648
5649
5650
5651
5652
5653
5654
5655
5656
5657
5658
5659
5660
5661
5662
5663
5664
5665
5666
5667
5668
5669
5670
5671
5672
5673
5674
5675
5676
5677
5678
5679
5680
5681
5682
5683
5684
5685
5686
5687
5688
5689
5690
5691
5692
5693
5694
5695
5696
5697
5698
5699
5700
5701
5702
5703
5704
5705
5706
5707
5708
5709
5710
5711
5712
5713
5714
5715
5716
5717
5718
5719
5720
5721
5722
5723
5724
5725
5726
5727
5728
5729
5730
5731
5732
5733
5734
5735
5736
5737
5738
5739
5740
5741
5742
5743
5744
5745
5746
5747
5748
5749
5750
5751
5752
5753
5754
5755
5756
5757
5758
5759
5760
5761
5762
5763
5764
5765
5766
5767
5768
5769
5770
5771
5772
5773
5774
5775
5776
5777
5778
5779
5780
5781
5782
5783
5784
5785
5786
5787
5788
5789
5790
5791
5792
5793
5794
5795
5796
5797
5798
5799
5800
5801
5802
5803
5804
5805
5806
5807
5808
5809
5810
5811
5812
5813
5814
5815
5816
5817
5818
5819
5820
5821
5822
5823
5824
5825
5826
5827
5828
5829
5830
5831
5832
5833
5834
5835
5836
5837
5838
5839
5840
5841
5842
5843
5844
5845
5846
5847
5848
5849
5850
5851
5852
5853
5854
5855
5856
5857
5858
5859
5860
5861
5862
5863
5864
5865
5866
5867
5868
5869
5870
5871
5872
5873
5874
5875
5876
5877
5878
5879
5880
5881
5882
5883
5884
5885
5886
5887
5888
5889
5890
5891
5892
5893
5894
5895
5896
5897
5898
5899
5900
5901
5902
5903
5904
5905
5906
5907
5908
5909
5910
5911
5912
5913
5914
5915
5916
5917
5918
5919
5920
5921
5922
5923
5924
5925
5926
5927
5928
5929
5930
5931
5932
5933
5934
5935
5936
5937
5938
5939
5940
5941
5942
5943
5944
5945
5946
5947
5948
5949
5950
5951
5952
5953
5954
5955
5956
5957
5958
5959
5960
5961
5962
5963
5964
5965
5966
5967
5968
5969
5970
5971
5972
5973
5974
5975
5976
5977
5978
5979
5980
5981
5982
5983
5984
5985
5986
5987
5988
5989
5990
5991
5992
5993
5994
5995
5996
5997
5998
5999
6005
6015
6025
6035
6045
6050
6051
6052
6053
6054
6055
6056
6057
6058
6059
6065
6075
6085
6095
6105
6115
6125
6135
6145
6150
6151
6152
6153
6154
6155
6156
6157
6158
6159
6165
6175
6185
6195
6205
6215
6225
6235
6245
6250
6251
6252
6253
6254
6255
6256
6257
6258
6259
6265
6275
6285
6295
6305
6315
6325
6335
6345
6350
6351
6352
6353
6354
6355
6356
6357
6358
6359
6365
6375
6385
6395
6405
6415
6425
6435
6445
6450
6451
6452
6453
6454
6455
6456
6457
6458
6459
6465
6475
6485
6495
6500
6501
6502
6503
6504
6505
6506
6507
6508
6509
6510
6511
6512
6513
6514
6515
6516
6517
6518
6519
6520
6521
6522
6523
6524
6525
6526
6527
6528
6529
6530
6531
6532
6533
6534
6535
6536
6537
6538
6539
6540
6541
6542
6543
6544
6545
6546
6547
6548
6549
6550
6551
6552
6553
6554
6555
6556
6557
6558
6559
6560
6561
6562
6563
6564
6565
6566
6567
6568
6569
6570
6571
6572
6573
6574
6575
6576
6577
6578
6579
6580
6581
6582
6583
6584
6585
6586
6587
6588
6589
6590
6591
6592
6593
6594
6595
6596
6597
6598
6599
6605
6615
6625
6635
6645
6650
6651
6652
6653
6654
6655
6656
6657
6658
6659
6665
6675
6685
6695
6705
6715
6725
6735
6745
6750
6751
6752
6753
6754
6755
6756
6757
6758
6759
6765
6775
6785
6795
6805
6815
6825
6835
6845
6850
6851
6852
6853
6854
6855
6856
6857
6858
6859
6865
6875
6885
6895
6905
6915
6925
6935
6945
6950
6951
6952
6953
6954
6955
6956
6957
6958
6959
6965
6975
6985
6995
7005
7015
7025
7035
7045
7050
7051
7052
7053
7054
7055
7056
7057
7058
7059
7065
7075
7085
7095
7105
7115
7125
7135
7145
7150
7151
7152
7153
7154
7155
7156
7157
7158
7159
7165
7175
7185
7195
7205
7215
7225
7235
7245
7250
7251
7252
7253
7254
7255
7256
7257
7258
7259
7265
7275
7285
7295
7305
7315
7325
7335
7345
7350
7351
7352
7353
7354
7355
7356
7357
7358
7359
7365
7375
7385
7395
7405
7415
7425
7435
7445
7450
7451
7452
7453
7454
7455
7456
7457
7458
7459
7465
7475
7485
7495
7500
7501
7502
7503
7504
7505
7506
7507
7508
7509
7510
7511
7512
7513
7514
7515
7516
7517
7518
7519
7520
7521
7522
7523
7524
7525
7526
7527
7528
7529
7530
7531
7532
7533
7534
7535
7536
7537
7538
7539
7540
7541
7542
7543
7544
7545
7546
7547
7548
7549
7550
7551
7552
7553
7554
7555
7556
7557
7558
7559
7560
7561
7562
7563
7564
7565
7566
7567
7568
7569
7570
7571
7572
7573
7574
7575
7576
7577
7578
7579
7580
7581
7582
7583
7584
7585
7586
7587
7588
7589
7590
7591
7592
7593
7594
7595
7596
7597
7598
7599
7605
7615
7625
7635
7645
7650
7651
7652
7653
7654
7655
7656
7657
7658
7659
7665
7675
7685
7695
7705
7715
7725
7735
7745
7750
7751
7752
7753
7754
7755
7756
7757
7758
7759
7765
7775
7785
7795
7805
7815
7825
7835
7845
7850
7851
7852
7853
7854
7855
7856
7857
7858
7859
7865
7875
7885
7895
7905
7915
7925
7935
7945
7950
7951
7952
7953
7954
7955
7956
7957
7958
7959
7965
7975
7985
7995
8005
8015
8025
8035
8045
8050
8051
8052
8053
8054
8055
8056
8057
8058
8059
8065
8075
8085
8095
8105
8115
8125
8135
8145
8150
8151
8152
8153
8154
8155
8156
8157
8158
8159
8165
8175
8185
8195
8205
8215
8225
8235
8245
8250
8251
8252
8253
8254
8255
8256
8257
8258
8259
8265
8275
8285
8295
8305
8315
8325
8335
8345
8350
8351
8352
8353
8354
8355
8356
8357
8358
8359
8365
8375
8385
8395
8405
8415
8425
8435
8445
8450
8451
8452
8453
8454
8455
8456
8457
8458
8459
8465
8475
8485
8495
8500
8501
8502
8503
8504
8505
8506
8507
8508
8509
8510
8511
8512
8513
8514
8515
8516
8517
8518
8519
8520
8521
8522
8523
8524
8525
8526
8527
8528
8529
8530
8531
8532
8533
8534
8535
8536
8537
8538
8539
8540
8541
8542
8543
8544
8545
8546
8547
8548
8549
8550
8551
8552
8553
8554
8555
8556
8557
8558
8559
8560
8561
8562
8563
8564
8565
8566
8567
8568
8569
8570
8571
8572
8573
8574
8575
8576
8577
8578
8579
8580
8581
8582
8583
8584
8585
8586
8587
8588
8589
8590
8591
8592
8593
8594
8595
8596
8597
8598
8599
8605
8615
8625
8635
8645
8650
8651
8652
8653
8654
8655
8656
8657
8658
8659
8665
8675
8685
8695
8705
8715
8725
8735
8745
8750
8751
8752
8753
8754
8755
8756
8757
8758
8759
8765
8775
8785
8795
8805
8815
8825
8835
8845
8850
8851
8852
8853
8854
8855
8856
8857
8858
8859
8865
8875
8885
8895
8905
8915
8925
8935
8945
8950
8951
8952
8953
8954
8955
8956
8957
8958
8959
8965
8975
8985
8995
9005
9015
9025
9035
9045
9050
9051
9052
9053
9054
9055
9056
9057
9058
9059
9065
9075
9085
9095
9105
9115
9125
9135
9145
9150
9151
9152
9153
9154
9155
9156
9157
9158
9159
9165
9175
9185
9195
9205
9215
9225
9235
9245
9250
9251
9252
9253
9254
9255
9256
9257
9258
9259
9265
9275
9285
9295
9305
9315
9325
9335
9345
9350
9351
9352
9353
9354
9355
9356
9357
9358
9359
9365
9375
9385
9395
9405
9415
9425
9435
9445
9450
9451
9452
9453
9454
9455
9456
9457
9458
9459
9465
9475
9485
9495
9500
9501
9502
9503
9504
9505
9506
9507
9508
9509
9510
9511
9512
9513
9514
9515
9516
9517
9518
9519
9520
9521
9522
9523
9524
9525
9526
9527
9528
9529
9530
9531
9532
9533
9534
9535
9536
9537
9538
9539
9540
9541
9542
9543
9544
9545
9546
9547
9548
9549
9550
9551
9552
9553
9554
9555
9556
9557
9558
9559
9560
9561
9562
9563
9564
9565
9566
9567
9568
9569
9570
9571
9572
9573
9574
9575
9576
9577
9578
9579
9580
9581
9582
9583
9584
9585
9586
9587
9588
9589
9590
9591
9592
9593
9594
9595
9596
9597
9598
9599
9605
9615
9625
9635
9645
9650
9651
9652
9653
9654
9655
9656
9657
9658
9659
9665
9675
9685
9695
9705
9715
9725
9735
9745
9750
9751
9752
9753
9754
9755
9756
9757
9758
9759
9765
9775
9785
9795
9805
9815
9825
9835
9845
9850
9851
9852
9853
9854
9855
9856
9857
9858
9859
9865
9875
9885
9895
9905
9915
9925
9935
9945
9950
9951
9952
9953
9954
9955
9956
9957
9958
9959
9965
9975
9985
9995
